{
    "customer_1": {
        "coordinates": {
            "x": 35.0,
            "y": 69.0
        },
        "demand": 10.0,
        "due_time": 505.0,
        "ready_time": 448.0,
        "service_time": 90.0
    },
    "customer_2": {
        "coordinates": {
            "x": 25.0,
            "y": 85.0
        },
        "demand": 20.0,
        "due_time": 1107.0,
        "ready_time": 0.0,
        "service_time": 90.0
    },
    "customer_3": {
        "coordinates": {
            "x": 22.0,
            "y": 75.0
        },
        "demand": 30.0,
        "due_time": 92.0,
        "ready_time": 30.0,
        "service_time": 90.0
    },
    "customer_4": {
        "coordinates": {
            "x": 22.0,
            "y": 85.0
        },
        "demand": 10.0,
        "due_time": 1106.0,
        "ready_time": 0.0,
        "service_time": 90.0
    },
    "customer_5": {
        "coordinates": {
            "x": 20.0,
            "y": 80.0
        },
        "demand": 40.0,
        "due_time": 429.0,
        "ready_time": 384.0,
        "service_time": 90.0
    },
    "customer_6": {
        "coordinates": {
            "x": 20.0,
            "y": 85.0
        },
        "demand": 40.0,
        "due_time": 1105.0,
        "ready_time": 0.0,
        "service_time": 90.0
    },
    "customer_7": {
        "coordinates": {
            "x": 18.0,
            "y": 75.0
        },
        "demand": 20.0,
        "due_time": 1112.0,
        "ready_time": 0.0,
        "service_time": 90.0
    },
    "customer_8": {
        "coordinates": {
            "x": 15.0,
            "y": 75.0
        },
        "demand": 20.0,
        "due_time": 1110.0,
        "ready_time": 0.0,
        "service_time": 90.0
    },
    "customer_9": {
        "coordinates": {
            "x": 15.0,
            "y": 80.0
        },
        "demand": 10.0,
        "due_time": 1106.0,
        "ready_time": 0.0,
        "service_time": 90.0
    },
    "depart": {
        "coordinates": {
            "x": 40.0,
            "y": 50.0
        },
        "demand": 0.0,
        "due_time": 1236.0,
        "ready_time": 0.0,
        "service_time": 0.0
    },
    "distance_matrix": [
        [
            0.0,
            19.6468827043885,
            38.07886552931954,
            30.805843601498726,
            39.35733730830886,
            36.05551275463989,
            40.311288741492746,
            33.301651610693426,
            35.35533905932738,
            39.05124837953327,
            36.26486764073461
        ],
        [
            19.6468827043885,
            0.0,
            18.867962264113206,
            14.317821063276353,
            20.615528128088304,
            18.601075237738275,
            21.93171219946131,
            18.027756377319946,
            20.8806130178211,
            22.825424421026653,
            18.904777835245778
        ],
        [
            38.07886552931954,
            18.867962264113206,
            0.0,
            10.44030650891055,
            3.0,
            7.0710678118654755,
            5.0,
            12.206555615733702,
            14.142135623730951,
            11.180339887498949,
            7.341023430013012
        ],
        [
            30.805843601498726,
            14.317821063276353,
            10.44030650891055,
            0.0,
            10.0,
            5.385164807134504,
            10.198039027185569,
            4.0,
            7.0,
            8.602325267042627,
            5.535397456371133
        ],
        [
            39.35733730830886,
            20.615528128088304,
            3.0,
            10.0,
            0.0,
            5.385164807134504,
            2.0,
            10.770329614269007,
            12.206555615733702,
            8.602325267042627,
            5.535397456371133
        ],
        [
            36.05551275463989,
            18.601075237738275,
            7.0710678118654755,
            5.385164807134504,
            5.385164807134504,
            0.0,
            5.0,
            5.385164807134504,
            7.0710678118654755,
            5.0,
            0.375
        ],
        [
            40.311288741492746,
            21.93171219946131,
            5.0,
            10.198039027185569,
            2.0,
            5.0,
            0.0,
            10.198039027185569,
            11.180339887498949,
            7.0710678118654755,
            5.014042780032895
        ],
        [
            33.301651610693426,
            18.027756377319946,
            12.206555615733702,
            4.0,
            10.770329614269007,
            5.385164807134504,
            10.198039027185569,
            0.0,
            3.0,
            5.830951894845301,
            5.257435211203273
        ],
        [
            35.35533905932738,
            20.8806130178211,
            14.142135623730951,
            7.0,
            12.206555615733702,
            7.0710678118654755,
            11.180339887498949,
            3.0,
            0.0,
            5.0,
            6.811066362912639
        ],
        [
            39.05124837953327,
            22.825424421026653,
            11.180339887498949,
            8.602325267042627,
            8.602325267042627,
            5.0,
            7.0710678118654755,
            5.830951894845301,
            5.0,
            0.0,
            4.625
        ],
        [
            36.26486764073461,
            18.904777835245778,
            7.341023430013012,
            5.535397456371133,
            5.535397456371133,
            0.375,
            5.014042780032895,
            5.257435211203273,
            6.811066362912639,
            4.625,
            0.0
        ]
    ],
    "instance_name": "C104",
    "station_3": {
        "coordinates": {
            "x": 19.625,
            "y": 80.0
        }
    }
}