{
    "customer_1": {
        "coordinates": {
            "x": 35.0,
            "y": 69.0
        },
        "demand": 10.0,
        "due_time": 533.0,
        "ready_time": 20.0,
        "service_time": 90.0
    },
    "customer_10": {
        "coordinates": {
            "x": 10.0,
            "y": 35.0
        },
        "demand": 20.0,
        "due_time": 256.0,
        "ready_time": 181.0,
        "service_time": 90.0
    },
    "customer_11": {
        "coordinates": {
            "x": 10.0,
            "y": 40.0
        },
        "demand": 30.0,
        "due_time": 170.0,
        "ready_time": 31.0,
        "service_time": 90.0
    },
    "customer_12": {
        "coordinates": {
            "x": 8.0,
            "y": 40.0
        },
        "demand": 40.0,
        "due_time": 193.0,
        "ready_time": 52.0,
        "service_time": 90.0
    },
    "customer_13": {
        "coordinates": {
            "x": 8.0,
            "y": 45.0
        },
        "demand": 20.0,
        "due_time": 848.0,
        "ready_time": 719.0,
        "service_time": 90.0
    },
    "customer_14": {
        "coordinates": {
            "x": 5.0,
            "y": 35.0
        },
        "demand": 10.0,
        "due_time": 375.0,
        "ready_time": 252.0,
        "service_time": 90.0
    },
    "customer_15": {
        "coordinates": {
            "x": 5.0,
            "y": 45.0
        },
        "demand": 10.0,
        "due_time": 742.0,
        "ready_time": 639.0,
        "service_time": 90.0
    },
    "customer_16": {
        "coordinates": {
            "x": 2.0,
            "y": 40.0
        },
        "demand": 20.0,
        "due_time": 460.0,
        "ready_time": 357.0,
        "service_time": 90.0
    },
    "customer_17": {
        "coordinates": {
            "x": 0.0,
            "y": 40.0
        },
        "demand": 30.0,
        "due_time": 544.0,
        "ready_time": 457.0,
        "service_time": 90.0
    },
    "customer_18": {
        "coordinates": {
            "x": 0.0,
            "y": 45.0
        },
        "demand": 20.0,
        "due_time": 653.0,
        "ready_time": 538.0,
        "service_time": 90.0
    },
    "customer_2": {
        "coordinates": {
            "x": 25.0,
            "y": 85.0
        },
        "demand": 20.0,
        "due_time": 756.0,
        "ready_time": 617.0,
        "service_time": 90.0
    },
    "customer_3": {
        "coordinates": {
            "x": 22.0,
            "y": 75.0
        },
        "demand": 30.0,
        "due_time": 155.0,
        "ready_time": 30.0,
        "service_time": 90.0
    },
    "customer_4": {
        "coordinates": {
            "x": 22.0,
            "y": 85.0
        },
        "demand": 10.0,
        "due_time": 646.0,
        "ready_time": 541.0,
        "service_time": 90.0
    },
    "customer_5": {
        "coordinates": {
            "x": 20.0,
            "y": 80.0
        },
        "demand": 40.0,
        "due_time": 451.0,
        "ready_time": 362.0,
        "service_time": 90.0
    },
    "customer_6": {
        "coordinates": {
            "x": 20.0,
            "y": 85.0
        },
        "demand": 40.0,
        "due_time": 555.0,
        "ready_time": 448.0,
        "service_time": 90.0
    },
    "customer_7": {
        "coordinates": {
            "x": 18.0,
            "y": 75.0
        },
        "demand": 20.0,
        "due_time": 172.0,
        "ready_time": 75.0,
        "service_time": 90.0
    },
    "customer_8": {
        "coordinates": {
            "x": 15.0,
            "y": 75.0
        },
        "demand": 20.0,
        "due_time": 291.0,
        "ready_time": 142.0,
        "service_time": 90.0
    },
    "customer_9": {
        "coordinates": {
            "x": 15.0,
            "y": 80.0
        },
        "demand": 10.0,
        "due_time": 379.0,
        "ready_time": 244.0,
        "service_time": 90.0
    },
    "depart": {
        "coordinates": {
            "x": 40.0,
            "y": 50.0
        },
        "demand": 0.0,
        "due_time": 1236.0,
        "ready_time": 0.0,
        "service_time": 0.0
    },
    "distance_matrix": [
        [
            0.0,
            19.6468827043885,
            38.07886552931954,
            30.805843601498726,
            39.35733730830886,
            36.05551275463989,
            40.311288741492746,
            33.301651610693426,
            35.35533905932738,
            39.05124837953327,
            33.54101966249684,
            31.622776601683793,
            33.52610922848042,
            32.38826948140329,
            38.07886552931954,
            35.35533905932738,
            39.293765408777,
            41.23105625617661,
            40.311288741492746,
            36.26486764073461,
            35.930165324557024
        ],
        [
            19.6468827043885,
            0.0,
            18.867962264113206,
            14.317821063276353,
            20.615528128088304,
            18.601075237738275,
            21.93171219946131,
            18.027756377319946,
            20.8806130178211,
            22.825424421026653,
            42.20189569201838,
            38.28837943815329,
            39.6232255123179,
            36.124783736376884,
            45.34313619501854,
            38.41874542459709,
            43.93176527297759,
            45.45327270945405,
            42.43819034784589,
            18.904777835245778,
            41.099841608575574
        ],
        [
            38.07886552931954,
            18.867962264113206,
            0.0,
            10.44030650891055,
            3.0,
            7.0710678118654755,
            5.0,
            12.206555615733702,
            14.142135623730951,
            11.180339887498949,
            52.20153254455275,
            47.43416490252569,
            48.104053883222775,
            43.46262762420146,
            53.85164807134504,
            44.721359549995796,
            50.53711507397311,
            51.478150704935004,
            47.16990566028302,
            7.341023430013012,
            48.60127344267843
        ],
        [
            30.805843601498726,
            14.317821063276353,
            10.44030650891055,
            0.0,
            10.0,
            5.385164807134504,
            10.198039027185569,
            4.0,
            7.0,
            8.602325267042627,
            41.7612260356422,
            37.0,
            37.69615364994153,
            33.1058907144937,
            43.46262762420146,
            34.48187929913333,
            40.311288741492746,
            41.340053217188775,
            37.20215047547655,
            5.535397456371133,
            38.26480863992397
        ],
        [
            39.35733730830886,
            20.615528128088304,
            3.0,
            10.0,
            0.0,
            5.385164807134504,
            2.0,
            10.770329614269007,
            12.206555615733702,
            8.602325267042627,
            51.419840528729765,
            46.57252408878007,
            47.12748667179272,
            42.37924020083418,
            52.81098370604357,
            43.46262762420146,
            49.24428900898052,
            50.08991914547278,
            45.65084884205331,
            5.535397456371133,
            47.466657563493975
        ],
        [
            36.05551275463989,
            18.601075237738275,
            7.0710678118654755,
            5.385164807134504,
            5.385164807134504,
            0.0,
            5.0,
            5.385164807134504,
            7.0710678118654755,
            5.0,
            46.09772228646444,
            41.23105625617661,
            41.7612260356422,
            37.0,
            47.43416490252569,
            38.07886552931954,
            43.86342439892262,
            44.721359549995796,
            40.311288741492746,
            0.375,
            42.082927420154604
        ],
        [
            40.311288741492746,
            21.93171219946131,
            5.0,
            10.198039027185569,
            2.0,
            5.0,
            0.0,
            10.198039027185569,
            11.180339887498949,
            7.0710678118654755,
            50.99019513592785,
            46.09772228646444,
            46.57252408878007,
            41.7612260356422,
            52.20153254455275,
            42.720018726587654,
            48.46648326421054,
            49.24428900898052,
            44.721359549995796,
            5.014042780032895,
            46.80188863977607
        ],
        [
            33.301651610693426,
            18.027756377319946,
            12.206555615733702,
            4.0,
            10.770329614269007,
            5.385164807134504,
            10.198039027185569,
            0.0,
            3.0,
            5.830951894845301,
            40.792156108742276,
            35.90264614203248,
            36.40054944640259,
            31.622776601683793,
            42.05948168962618,
            32.69556544854363,
            38.48376280978771,
            39.35733730830886,
            34.9857113690718,
            5.257435211203273,
            36.6996182575514
        ],
        [
            35.35533905932738,
            20.8806130178211,
            14.142135623730951,
            7.0,
            12.206555615733702,
            7.0710678118654755,
            11.180339887498949,
            3.0,
            0.0,
            5.0,
            40.311288741492746,
            35.35533905932738,
            35.6931365951495,
            30.805843601498726,
            41.23105625617661,
            31.622776601683793,
            37.33630940518894,
            38.07886552931954,
            33.54101966249684,
            6.811066362912639,
            35.775155908115906
        ],
        [
            39.05124837953327,
            22.825424421026653,
            11.180339887498949,
            8.602325267042627,
            8.602325267042627,
            5.0,
            7.0710678118654755,
            5.830951894845301,
            5.0,
            0.0,
            45.27692569068709,
            40.311288741492746,
            40.607881008493905,
            35.6931365951495,
            46.09772228646444,
            36.40054944640259,
            42.05948168962618,
            42.720018726587654,
            38.07886552931954,
            4.625,
            40.61164586975022
        ],
        [
            33.54101966249684,
            42.20189569201838,
            52.20153254455275,
            41.7612260356422,
            51.419840528729765,
            46.09772228646444,
            50.99019513592785,
            40.792156108742276,
            40.311288741492746,
            45.27692569068709,
            0.0,
            5.0,
            5.385164807134504,
            10.198039027185569,
            5.0,
            11.180339887498949,
            9.433981132056603,
            11.180339887498949,
            14.142135623730951,
            46.01782942512608,
            7.255534456537297
        ],
        [
            31.622776601683793,
            38.28837943815329,
            47.43416490252569,
            37.0,
            46.57252408878007,
            41.23105625617661,
            46.09772228646444,
            35.90264614203248,
            35.35533905932738,
            40.311288741492746,
            5.0,
            0.0,
            2.0,
            5.385164807134504,
            7.0710678118654755,
            7.0710678118654755,
            8.0,
            10.0,
            11.180339887498949,
            41.14171392880953,
            4.699657460922018
        ],
        [
            33.52610922848042,
            39.6232255123179,
            48.104053883222775,
            37.69615364994153,
            47.12748667179272,
            41.7612260356422,
            46.57252408878007,
            36.40054944640259,
            35.6931365951495,
            40.607881008493905,
            5.385164807134504,
            2.0,
            0.0,
            5.0,
            5.830951894845301,
            5.830951894845301,
            6.0,
            8.0,
            9.433981132056603,
            41.65501920537308,
            2.723964069146287
        ],
        [
            32.38826948140329,
            36.124783736376884,
            43.46262762420146,
            33.1058907144937,
            42.37924020083418,
            37.0,
            41.7612260356422,
            31.622776601683793,
            30.805843601498726,
            35.6931365951495,
            10.198039027185569,
            5.385164807134504,
            5.0,
            0.0,
            10.44030650891055,
            3.0,
            7.810249675906654,
            9.433981132056603,
            8.0,
            36.88008439523966,
            5.183047390290775
        ],
        [
            38.07886552931954,
            45.34313619501854,
            53.85164807134504,
            43.46262762420146,
            52.81098370604357,
            47.43416490252569,
            52.20153254455275,
            42.05948168962618,
            41.23105625617661,
            46.09772228646444,
            5.0,
            7.0710678118654755,
            5.830951894845301,
            10.44030650891055,
            0.0,
            10.0,
            5.830951894845301,
            7.0710678118654755,
            11.180339887498949,
            47.316916900829455,
            5.565588940085315
        ],
        [
            35.35533905932738,
            38.41874542459709,
            44.721359549995796,
            34.48187929913333,
            43.46262762420146,
            38.07886552931954,
            42.720018726587654,
            32.69556544854363,
            31.622776601683793,
            36.40054944640259,
            11.180339887498949,
            7.0710678118654755,
            5.830951894845301,
            3.0,
            10.0,
            0.0,
            5.830951894845301,
            7.0710678118654755,
            5.0,
            37.93271180656611,
            4.456880102717597
        ],
        [
            39.293765408777,
            43.93176527297759,
            50.53711507397311,
            40.311288741492746,
            49.24428900898052,
            43.86342439892262,
            48.46648326421054,
            38.48376280978771,
            37.33630940518894,
            42.05948168962618,
            9.433981132056603,
            8.0,
            6.0,
            7.810249675906654,
            5.830951894845301,
            5.830951894845301,
            0.0,
            2.0,
            5.385164807134504,
            43.7108753630032,
            3.379286944016444
        ],
        [
            41.23105625617661,
            45.45327270945405,
            51.478150704935004,
            41.340053217188775,
            50.08991914547278,
            44.721359549995796,
            49.24428900898052,
            39.35733730830886,
            38.07886552931954,
            42.720018726587654,
            11.180339887498949,
            10.0,
            8.0,
            9.433981132056603,
            7.0710678118654755,
            7.0710678118654755,
            2.0,
            0.0,
            5.0,
            44.55491695649314,
            5.362161900763534
        ],
        [
            40.311288741492746,
            42.43819034784589,
            47.16990566028302,
            37.20215047547655,
            45.65084884205331,
            40.311288741492746,
            44.721359549995796,
            34.9857113690718,
            33.54101966249684,
            38.07886552931954,
            14.142135623730951,
            11.180339887498949,
            9.433981132056603,
            8.0,
            11.180339887498949,
            5.0,
            5.385164807134504,
            5.0,
            0.0,
            40.12655760216667,
            6.942390096357307
        ],
        [
            36.26486764073461,
            18.904777835245778,
            7.341023430013012,
            5.535397456371133,
            5.535397456371133,
            0.375,
            5.014042780032895,
            5.257435211203273,
            6.811066362912639,
            4.625,
            46.01782942512608,
            41.14171392880953,
            41.65501920537308,
            36.88008439523966,
            47.316916900829455,
            37.93271180656611,
            43.7108753630032,
            44.55491695649314,
            40.12655760216667,
            0.0,
            41.95370520287809
        ],
        [
            35.930165324557024,
            41.099841608575574,
            48.60127344267843,
            38.26480863992397,
            47.466657563493975,
            42.082927420154604,
            46.80188863977607,
            36.6996182575514,
            35.775155908115906,
            40.61164586975022,
            7.255534456537297,
            4.699657460922018,
            2.723964069146287,
            5.183047390290775,
            5.565588940085315,
            4.456880102717597,
            3.379286944016444,
            5.362161900763534,
            6.942390096357307,
            41.95370520287809,
            0.0
        ]
    ],
    "instance_name": "C105",
    "station_3": {
        "coordinates": {
            "x": 19.625,
            "y": 80.0
        }
    },
    "station_4": {
        "coordinates": {
            "x": 5.3333,
            "y": 40.5556
        }
    }
}