{
    "customer_1": {
        "coordinates": {
            "x": 45.0,
            "y": 68.0
        },
        "demand": 10.0,
        "due_time": 120.0,
        "ready_time": 70.0,
        "service_time": 0.0
    },
    "customer_10": {
        "coordinates": {
            "x": 35.0,
            "y": 66.0
        },
        "demand": 10.0,
        "due_time": 406.0,
        "ready_time": 100.0,
        "service_time": 0.0
    },
    "customer_11": {
        "coordinates": {
            "x": 35.0,
            "y": 69.0
        },
        "demand": 10.0,
        "due_time": 120.0,
        "ready_time": 90.0,
        "service_time": 0.0
    },
    "customer_12": {
        "coordinates": {
            "x": 25.0,
            "y": 85.0
        },
        "demand": 20.0,
        "due_time": 100.0,
        "ready_time": 40.0,
        "service_time": 0.0
    },
    "customer_2": {
        "coordinates": {
            "x": 45.0,
            "y": 70.0
        },
        "demand": 30.0,
        "due_time": 130.0,
        "ready_time": 110.0,
        "service_time": 0.0
    },
    "customer_3": {
        "coordinates": {
            "x": 42.0,
            "y": 66.0
        },
        "demand": 10.0,
        "due_time": 156.0,
        "ready_time": 55.0,
        "service_time": 0.0
    },
    "customer_4": {
        "coordinates": {
            "x": 42.0,
            "y": 68.0
        },
        "demand": 10.0,
        "due_time": 160.0,
        "ready_time": 115.0,
        "service_time": 0.0
    },
    "customer_5": {
        "coordinates": {
            "x": 42.0,
            "y": 65.0
        },
        "demand": 10.0,
        "due_time": 60.0,
        "ready_time": 15.0,
        "service_time": 0.0
    },
    "customer_6": {
        "coordinates": {
            "x": 40.0,
            "y": 69.0
        },
        "demand": 20.0,
        "due_time": 160.0,
        "ready_time": 95.0,
        "service_time": 0.0
    },
    "customer_7": {
        "coordinates": {
            "x": 40.0,
            "y": 66.0
        },
        "demand": 20.0,
        "due_time": 223.0,
        "ready_time": 120.0,
        "service_time": 0.0
    },
    "customer_8": {
        "coordinates": {
            "x": 38.0,
            "y": 68.0
        },
        "demand": 20.0,
        "due_time": 200.0,
        "ready_time": 130.0,
        "service_time": 0.0
    },
    "customer_9": {
        "coordinates": {
            "x": 38.0,
            "y": 70.0
        },
        "demand": 10.0,
        "due_time": 120.0,
        "ready_time": 98.0,
        "service_time": 0.0
    },
    "depart": {
        "coordinates": {
            "x": 40.0,
            "y": 50.0
        },
        "demand": 0.0,
        "due_time": 1236.0,
        "ready_time": 0.0,
        "service_time": 0.0
    },
    "distance_matrix": [
        [
            0.0,
            18.681541692269406,
            20.615528128088304,
            16.1245154965971,
            18.110770276274835,
            15.132745950421556,
            19.0,
            16.0,
            18.110770276274835,
            20.09975124224178,
            16.76305461424021,
            19.6468827043885,
            38.07886552931954,
            0.0
        ],
        [
            18.681541692269406,
            0.0,
            2.0,
            3.605551275463989,
            3.0,
            4.242640687119285,
            5.0990195135927845,
            5.385164807134504,
            7.0,
            7.280109889280518,
            10.198039027185569,
            10.04987562112089,
            26.248809496813376,
            18.681541692269406
        ],
        [
            20.615528128088304,
            2.0,
            0.0,
            5.0,
            3.605551275463989,
            5.830951894845301,
            5.0990195135927845,
            6.4031242374328485,
            7.280109889280518,
            7.0,
            10.770329614269007,
            10.04987562112089,
            25.0,
            20.615528128088304
        ],
        [
            16.1245154965971,
            3.605551275463989,
            5.0,
            0.0,
            2.0,
            1.0,
            3.605551275463989,
            2.0,
            4.47213595499958,
            5.656854249492381,
            7.0,
            7.615773105863909,
            25.495097567963924,
            16.1245154965971
        ],
        [
            18.110770276274835,
            3.0,
            3.605551275463989,
            2.0,
            0.0,
            3.0,
            2.23606797749979,
            2.8284271247461903,
            4.0,
            4.47213595499958,
            7.280109889280518,
            7.0710678118654755,
            24.041630560342615,
            18.110770276274835
        ],
        [
            15.132745950421556,
            4.242640687119285,
            5.830951894845301,
            1.0,
            3.0,
            0.0,
            4.47213595499958,
            2.23606797749979,
            5.0,
            6.4031242374328485,
            7.0710678118654755,
            8.06225774829855,
            26.248809496813376,
            15.132745950421556
        ],
        [
            19.0,
            5.0990195135927845,
            5.0990195135927845,
            3.605551275463989,
            2.23606797749979,
            4.47213595499958,
            0.0,
            3.0,
            2.23606797749979,
            2.23606797749979,
            5.830951894845301,
            5.0,
            21.93171219946131,
            19.0
        ],
        [
            16.0,
            5.385164807134504,
            6.4031242374328485,
            2.0,
            2.8284271247461903,
            2.23606797749979,
            3.0,
            0.0,
            2.8284271247461903,
            4.47213595499958,
            5.0,
            5.830951894845301,
            24.20743687382041,
            16.0
        ],
        [
            18.110770276274835,
            7.0,
            7.280109889280518,
            4.47213595499958,
            4.0,
            5.0,
            2.23606797749979,
            2.8284271247461903,
            0.0,
            2.0,
            3.605551275463989,
            3.1622776601683795,
            21.400934559032695,
            18.110770276274835
        ],
        [
            20.09975124224178,
            7.280109889280518,
            7.0,
            5.656854249492381,
            4.47213595499958,
            6.4031242374328485,
            2.23606797749979,
            4.47213595499958,
            2.0,
            0.0,
            5.0,
            3.1622776601683795,
            19.849433241279208,
            20.09975124224178
        ],
        [
            16.76305461424021,
            10.198039027185569,
            10.770329614269007,
            7.0,
            7.280109889280518,
            7.0710678118654755,
            5.830951894845301,
            5.0,
            3.605551275463989,
            5.0,
            0.0,
            3.0,
            21.470910553583888,
            16.76305461424021
        ],
        [
            19.6468827043885,
            10.04987562112089,
            10.04987562112089,
            7.615773105863909,
            7.0710678118654755,
            8.06225774829855,
            5.0,
            5.830951894845301,
            3.1622776601683795,
            3.1622776601683795,
            3.0,
            0.0,
            18.867962264113206,
            19.6468827043885
        ],
        [
            38.07886552931954,
            26.248809496813376,
            25.0,
            25.495097567963924,
            24.041630560342615,
            26.248809496813376,
            21.93171219946131,
            24.20743687382041,
            21.400934559032695,
            19.849433241279208,
            21.470910553583888,
            18.867962264113206,
            0.0,
            38.07886552931954
        ],
        [
            0.0,
            18.681541692269406,
            20.615528128088304,
            16.1245154965971,
            18.110770276274835,
            15.132745950421556,
            19.0,
            16.0,
            18.110770276274835,
            20.09975124224178,
            16.76305461424021,
            19.6468827043885,
            38.07886552931954,
            0.0
        ]
    ],
    "instance_name": "C106",
    "max_vehicle_number": 25,
    "station_1": {
        "coordinates": {
            "x": 40.0,
            "y": 50.0
        }
    },
    "vehicle_capacity": 200.0,
    "vehicle_charge_rate": 2.0,
    "vehicle_degradation_rate": 0.05,
    "vehicle_speed": 2.0
}