{
    "customer_1": {
        "coordinates": {
            "x": 22.5,
            "y": 43.0
        },
        "demand": 10.0,
        "due_time": 120.0,
        "ready_time": 70.0,
        "service_time": 0.0
    },
    "customer_10": {
        "coordinates": {
            "x": 18.0,
            "y": 33.0
        },
        "demand": 10.0,
        "due_time": 406.0,
        "ready_time": 100.0,
        "service_time": 0.0
    },
    "customer_11": {
        "coordinates": {
            "x": 17.0,
            "y": 39.5
        },
        "demand": 10.0,
        "due_time": 120.0,
        "ready_time": 90.0,
        "service_time": 0.0
    },
    "customer_12": {
        "coordinates": {
            "x": 12.5,
            "y": 47.5
        },
        "demand": 20.0,
        "due_time": 100.0,
        "ready_time": 40.0,
        "service_time": 0.0
    },
    "customer_13": {
        "coordinates": {
            "x": 14.0,
            "y": 30.0
        },
        "demand": 20.0,
        "due_time": 100.0,
        "ready_time": 40.0,
        "service_time": 0.0
    },
    "customer_14": {
        "coordinates": {
            "x": 14.5,
            "y": 30.5
        },
        "demand": 20.0,
        "due_time": 100.0,
        "ready_time": 40.0,
        "service_time": 0.0
    },
    "customer_15": {
        "coordinates": {
            "x": 14.8,
            "y": 30.4
        },
        "demand": 20.0,
        "due_time": 100.0,
        "ready_time": 40.0,
        "service_time": 0.0
    },
    "customer_16": {
        "coordinates": {
            "x": 13.5,
            "y": 28.0
        },
        "demand": 20.0,
        "due_time": 100.0,
        "ready_time": 40.0,
        "service_time": 0.0
    },
    "customer_17": {
        "coordinates": {
            "x": 12.0,
            "y": 34.0
        },
        "demand": 20.0,
        "due_time": 100.0,
        "ready_time": 40.0,
        "service_time": 0.0
    },
    "customer_18": {
        "coordinates": {
            "x": 13.0,
            "y": 28.0
        },
        "demand": 20.0,
        "due_time": 100.0,
        "ready_time": 40.0,
        "service_time": 0.0
    },
    "customer_19": {
        "coordinates": {
            "x": 28.0,
            "y": 50.0
        },
        "demand": 20.0,
        "due_time": 100.0,
        "ready_time": 40.0,
        "service_time": 0.0
    },
    "customer_2": {
        "coordinates": {
            "x": 22.5,
            "y": 35.0
        },
        "demand": 30.0,
        "due_time": 130.0,
        "ready_time": 110.0,
        "service_time": 0.0
    },
    "customer_20": {
        "coordinates": {
            "x": 29.0,
            "y": 55.0
        },
        "demand": 20.0,
        "due_time": 100.0,
        "ready_time": 40.0,
        "service_time": 0.0
    },
    "customer_3": {
        "coordinates": {
            "x": 21.0,
            "y": 33.0
        },
        "demand": 10.0,
        "due_time": 156.0,
        "ready_time": 55.0,
        "service_time": 0.0
    },
    "customer_4": {
        "coordinates": {
            "x": 21.0,
            "y": 34.0
        },
        "demand": 10.0,
        "due_time": 160.0,
        "ready_time": 115.0,
        "service_time": 0.0
    },
    "customer_5": {
        "coordinates": {
            "x": 21.0,
            "y": 37.5
        },
        "demand": 10.0,
        "due_time": 60.0,
        "ready_time": 15.0,
        "service_time": 0.0
    },
    "customer_6": {
        "coordinates": {
            "x": 20.0,
            "y": 39.5
        },
        "demand": 20.0,
        "due_time": 160.0,
        "ready_time": 95.0,
        "service_time": 0.0
    },
    "customer_7": {
        "coordinates": {
            "x": 20.0,
            "y": 38.0
        },
        "demand": 20.0,
        "due_time": 223.0,
        "ready_time": 120.0,
        "service_time": 0.0
    },
    "customer_8": {
        "coordinates": {
            "x": 19.0,
            "y": 39.5
        },
        "demand": 20.0,
        "due_time": 200.0,
        "ready_time": 130.0,
        "service_time": 0.0
    },
    "customer_9": {
        "coordinates": {
            "x": 19.0,
            "y": 35.0
        },
        "demand": 10.0,
        "due_time": 120.0,
        "ready_time": 98.0,
        "service_time": 0.0
    },
    "depart": {
        "coordinates": {
            "x": 20.0,
            "y": 25.0
        },
        "demand": 0.0,
        "due_time": 1236.0,
        "ready_time": 0.0,
        "service_time": 0.0
    },
    "distance_matrix": [
        [
            0.0,
            18.172781845386247,
            10.307764064044152,
            8.06225774829855,
            9.055385138137417,
            12.539936203984453,
            14.5,
            13.0,
            14.534441853748634,
            10.04987562112089,
            8.246211251235321,
            14.807092894960848,
            23.717082451262844,
            7.810249675906654,
            7.7781745930520225,
            7.496665925596523,
            7.158910531638177,
            12.041594578792296,
            7.615773105863909,
            26.248809496813376,
            31.32091952673165,
            9.168560410446124,
            13.813037319865604,
            9.12414379544733,
            23.717082451262844
        ],
        [
            18.172781845386247,
            0.0,
            8.0,
            10.111874208078342,
            9.12414379544733,
            5.70087712549569,
            4.301162633521313,
            5.5901699437494745,
            4.949747468305833,
            8.73212459828649,
            10.965856099730654,
            6.519202405202649,
            10.965856099730654,
            15.532224567009067,
            14.84082207965583,
            14.766516176810292,
            17.4928556845359,
            13.82931668593933,
            17.755280904564703,
            8.902246907382429,
            13.647344063956181,
            9.031195934094221,
            5.220153254455279,
            9.848857801796104,
            10.965856099730654
        ],
        [
            10.307764064044152,
            8.0,
            0.0,
            2.5,
            1.8027756377319946,
            2.9154759474226504,
            5.1478150704935,
            3.905124837953327,
            5.70087712549569,
            3.5,
            4.924428900898052,
            7.106335201775948,
            16.00781059358212,
            9.86154146165801,
            9.17877987534291,
            8.969392398596462,
            11.40175425099138,
            10.547511554864494,
            11.800423721205947,
            15.976545308670458,
            21.02974084481309,
            1.25,
            4.90407993409569,
            4.123105625617661,
            16.00781059358212
        ],
        [
            8.06225774829855,
            10.111874208078342,
            2.5,
            0.0,
            1.0,
            4.5,
            6.576473218982953,
            5.0990195135927845,
            6.800735254367722,
            2.8284271247461903,
            3.0,
            7.632168761236874,
            16.80773631397161,
            7.615773105863909,
            6.96419413859206,
            6.723094525588644,
            9.013878188659973,
            9.055385138137417,
            9.433981132056603,
            18.384776310850235,
            23.40939982143925,
            1.25,
            6.016643582596527,
            2.692582403567252,
            16.80773631397161
        ],
        [
            9.055385138137417,
            9.12414379544733,
            1.8027756377319946,
            1.0,
            0.0,
            3.5,
            5.5901699437494745,
            4.123105625617661,
            5.852349955359813,
            2.23606797749979,
            3.1622776601683795,
            6.800735254367722,
            15.953056133543816,
            8.06225774829855,
            7.3824115301167,
            7.1693793315739685,
            9.604686356149273,
            9.0,
            10.0,
            17.46424919657298,
            22.47220505424423,
            0.75,
            5.059644256269405,
            2.5,
            15.953056133543816
        ],
        [
            12.539936203984453,
            5.70087712549569,
            2.9154759474226504,
            4.5,
            3.5,
            0.0,
            2.23606797749979,
            1.118033988749895,
            2.8284271247461903,
            3.2015621187164243,
            5.408326913195984,
            4.47213595499958,
            13.124404748406688,
            10.259142264341596,
            9.5524865872714,
            9.426027795418387,
            12.103718436910205,
            9.656603957913983,
            12.419742348374221,
            14.326548781894402,
            19.241881404893856,
            3.5794552658190883,
            2.06155281280883,
            4.301162633521313,
            13.124404748406688
        ],
        [
            14.5,
            4.301162633521313,
            5.1478150704935,
            6.576473218982953,
            5.5901699437494745,
            2.23606797749979,
            0.0,
            1.5,
            1.0,
            4.6097722286464435,
            6.800735254367722,
            3.0,
            10.965856099730654,
            11.236102527122116,
            10.547511554864494,
            10.480935072788116,
            13.209844813622906,
            9.7082439194738,
            13.46291201783626,
            13.200378782444085,
            17.92344832893492,
            5.771698190307598,
            0.9219544457292917,
            5.70087712549569,
            10.965856099730654
        ],
        [
            13.0,
            5.5901699437494745,
            3.905124837953327,
            5.0990195135927845,
            4.123105625617661,
            1.118033988749895,
            1.5,
            0.0,
            1.8027756377319946,
            3.1622776601683795,
            5.385164807134504,
            3.3541019662496847,
            12.103718436910205,
            10.0,
            9.300537618869138,
            9.208691546577072,
            11.926860441876563,
            8.94427190999916,
            12.206555615733702,
            14.422205101855956,
            19.235384061671343,
            4.366062299143245,
            0.9999999999999986,
            4.272001872658765,
            12.103718436910205
        ],
        [
            14.534441853748634,
            4.949747468305833,
            5.70087712549569,
            6.800735254367722,
            5.852349955359813,
            2.8284271247461903,
            1.0,
            1.8027756377319946,
            0.0,
            4.5,
            6.576473218982953,
            2.0,
            10.307764064044152,
            10.735455276791944,
            10.062305898749054,
            10.022474744293447,
            12.747548783981962,
            8.902246907382429,
            12.971121771072847,
            13.82931668593933,
            18.445866745696716,
            6.149186938124422,
            0.8062257748298567,
            5.522680508593631,
            10.307764064044152
        ],
        [
            10.04987562112089,
            8.73212459828649,
            3.5,
            2.8284271247461903,
            2.23606797749979,
            3.2015621187164243,
            4.6097722286464435,
            3.1622776601683795,
            4.5,
            0.0,
            2.23606797749979,
            4.924428900898052,
            14.089002803605371,
            7.0710678118654755,
            6.363961030678928,
            6.228964600958975,
            8.902246907382429,
            7.0710678118654755,
            9.219544457292887,
            17.4928556845359,
            22.360679774997898,
            2.9261749776799064,
            3.820994634908557,
            1.118033988749895,
            14.089002803605371
        ],
        [
            8.246211251235321,
            10.965856099730654,
            4.924428900898052,
            3.0,
            3.1622776601683795,
            5.408326913195984,
            6.800735254367722,
            5.385164807134504,
            6.576473218982953,
            2.23606797749979,
            0.0,
            6.576473218982953,
            15.508062419270823,
            5.0,
            4.301162633521313,
            4.123105625617661,
            6.726812023536855,
            6.082762530298219,
            7.0710678118654755,
            19.72308292331602,
            24.596747752497688,
            3.881043674065006,
            5.966573556070515,
            1.118033988749895,
            15.508062419270823
        ],
        [
            14.807092894960848,
            6.519202405202649,
            7.106335201775948,
            7.632168761236874,
            6.800735254367722,
            4.47213595499958,
            3.0,
            3.3541019662496847,
            2.0,
            4.924428900898052,
            6.576473218982953,
            0.0,
            9.17877987534291,
            9.962429422585638,
            9.340770846134703,
            9.362157870918436,
            12.020815280171307,
            7.433034373659253,
            12.175795661885921,
            15.20690632574555,
            19.60229578391266,
            7.267220926874317,
            2.4999999999999996,
            5.70087712549569,
            9.17877987534291
        ],
        [
            23.717082451262844,
            10.965856099730654,
            16.00781059358212,
            16.80773631397161,
            15.953056133543816,
            13.124404748406688,
            10.965856099730654,
            12.103718436910205,
            10.307764064044152,
            14.089002803605371,
            15.508062419270823,
            9.17877987534291,
            0.0,
            17.564168070250297,
            17.11724276862369,
            17.253985046939157,
            19.525624189766635,
            13.509256086106296,
            19.50640920313116,
            15.700318468107582,
            18.12456896039186,
            16.36497784905314,
            11.10405331399305,
            14.773286702694158,
            0.0
        ],
        [
            7.810249675906654,
            15.532224567009067,
            9.86154146165801,
            7.615773105863909,
            8.06225774829855,
            10.259142264341596,
            11.236102527122116,
            10.0,
            10.735455276791944,
            7.0710678118654755,
            5.0,
            9.962429422585638,
            17.564168070250297,
            0.0,
            0.7071067811865476,
            0.8944271909999159,
            2.0615528128088303,
            4.47213595499958,
            2.23606797749979,
            24.413111231467404,
            29.154759474226502,
            8.721381771256205,
            10.324727599312242,
            6.020797289396148,
            17.564168070250297
        ],
        [
            7.7781745930520225,
            14.84082207965583,
            9.17877987534291,
            6.96419413859206,
            7.3824115301167,
            9.5524865872714,
            10.547511554864494,
            9.300537618869138,
            10.062305898749054,
            6.363961030678928,
            4.301162633521313,
            9.340770846134703,
            17.11724276862369,
            0.7071067811865476,
            0.0,
            0.31622776601683905,
            2.692582403567252,
            4.301162633521313,
            2.9154759474226504,
            23.717082451262844,
            28.469281690973517,
            8.050621094052309,
            9.63846460801719,
            5.315072906367325,
            17.11724276862369
        ],
        [
            7.496665925596523,
            14.766516176810292,
            8.969392398596462,
            6.723094525588644,
            7.1693793315739685,
            9.426027795418387,
            10.480935072788116,
            9.208691546577072,
            10.022474744293447,
            6.228964600958975,
            4.123105625617661,
            9.362157870918436,
            17.253985046939157,
            0.8944271909999159,
            0.31622776601683905,
            0.0,
            2.7294688127912354,
            4.560701700396554,
            2.9999999999999996,
            23.63048878038709,
            28.40422503783548,
            7.8270364762149915,
            9.5770559150503,
            5.162363799656124,
            17.253985046939157
        ],
        [
            7.158910531638177,
            17.4928556845359,
            11.40175425099138,
            9.013878188659973,
            9.604686356149273,
            12.103718436910205,
            13.209844813622906,
            11.926860441876563,
            12.747548783981962,
            8.902246907382429,
            6.726812023536855,
            12.020815280171307,
            19.525624189766635,
            2.0615528128088303,
            2.692582403567252,
            2.7294688127912354,
            0.0,
            6.18465843842649,
            0.5,
            26.348624252510795,
            31.132780152116194,
            10.201102881551583,
            12.306502346320823,
            7.810249675906654,
            19.525624189766635
        ],
        [
            12.041594578792296,
            13.82931668593933,
            10.547511554864494,
            9.055385138137417,
            9.0,
            9.656603957913983,
            9.7082439194738,
            8.94427190999916,
            8.902246907382429,
            7.0710678118654755,
            6.082762530298219,
            7.433034373659253,
            13.509256086106296,
            4.47213595499958,
            4.301162633521313,
            4.560701700396554,
            6.18465843842649,
            0.0,
            6.082762530298219,
            22.627416997969522,
            27.018512172212592,
            9.75,
            8.820430828479976,
            6.5,
            13.509256086106296
        ],
        [
            7.615773105863909,
            17.755280904564703,
            11.800423721205947,
            9.433981132056603,
            10.0,
            12.419742348374221,
            13.46291201783626,
            12.206555615733702,
            12.971121771072847,
            9.219544457292887,
            7.0710678118654755,
            12.175795661885921,
            19.50640920313116,
            2.23606797749979,
            2.9154759474226504,
            2.9999999999999996,
            0.5,
            6.082762530298219,
            0.0,
            26.627053911388696,
            31.38470965295043,
            10.609547586961472,
            12.55388386118017,
            8.139410298049853,
            19.50640920313116
        ],
        [
            26.248809496813376,
            8.902246907382429,
            15.976545308670458,
            18.384776310850235,
            17.46424919657298,
            14.326548781894402,
            13.200378782444085,
            14.422205101855956,
            13.82931668593933,
            17.4928556845359,
            19.72308292331602,
            15.20690632574555,
            15.700318468107582,
            24.413111231467404,
            23.717082451262844,
            23.63048878038709,
            26.348624252510795,
            22.627416997969522,
            26.627053911388696,
            0.0,
            5.0990195135927845,
            17.177383386301884,
            14.120906486483086,
            18.607794065928395,
            15.700318468107582
        ],
        [
            31.32091952673165,
            13.647344063956181,
            21.02974084481309,
            23.40939982143925,
            22.47220505424423,
            19.241881404893856,
            17.92344832893492,
            19.235384061671343,
            18.445866745696716,
            22.360679774997898,
            24.596747752497688,
            19.60229578391266,
            18.12456896039186,
            29.154759474226502,
            28.469281690973517,
            28.40422503783548,
            31.132780152116194,
            27.018512172212592,
            31.38470965295043,
            5.0990195135927845,
            0.0,
            22.216266563038893,
            18.830825791770263,
            23.47871376374779,
            18.12456896039186
        ],
        [
            9.168560410446124,
            9.031195934094221,
            1.25,
            1.25,
            0.75,
            3.5794552658190883,
            5.771698190307598,
            4.366062299143245,
            6.149186938124422,
            2.9261749776799064,
            3.881043674065006,
            7.267220926874317,
            16.36497784905314,
            8.721381771256205,
            8.050621094052309,
            7.8270364762149915,
            10.201102881551583,
            9.75,
            10.609547586961472,
            17.177383386301884,
            22.216266563038893,
            0.0,
            5.344389581607986,
            3.25,
            16.36497784905314
        ],
        [
            13.813037319865604,
            5.220153254455279,
            4.90407993409569,
            6.016643582596527,
            5.059644256269405,
            2.06155281280883,
            0.9219544457292917,
            0.9999999999999986,
            0.8062257748298567,
            3.820994634908557,
            5.966573556070515,
            2.4999999999999996,
            11.10405331399305,
            10.324727599312242,
            9.63846460801719,
            9.5770559150503,
            12.306502346320823,
            8.820430828479976,
            12.55388386118017,
            14.120906486483086,
            18.830825791770263,
            5.344389581607986,
            0.0,
            4.883646178829909,
            11.10405331399305
        ],
        [
            9.12414379544733,
            9.848857801796104,
            4.123105625617661,
            2.692582403567252,
            2.5,
            4.301162633521313,
            5.70087712549569,
            4.272001872658765,
            5.522680508593631,
            1.118033988749895,
            1.118033988749895,
            5.70087712549569,
            14.773286702694158,
            6.020797289396148,
            5.315072906367325,
            5.162363799656124,
            7.810249675906654,
            6.5,
            8.139410298049853,
            18.607794065928395,
            23.47871376374779,
            3.25,
            4.883646178829909,
            0.0,
            14.773286702694158
        ],
        [
            23.717082451262844,
            10.965856099730654,
            16.00781059358212,
            16.80773631397161,
            15.953056133543816,
            13.124404748406688,
            10.965856099730654,
            12.103718436910205,
            10.307764064044152,
            14.089002803605371,
            15.508062419270823,
            9.17877987534291,
            0.0,
            17.564168070250297,
            17.11724276862369,
            17.253985046939157,
            19.525624189766635,
            13.509256086106296,
            19.50640920313116,
            15.700318468107582,
            18.12456896039186,
            16.36497784905314,
            11.10405331399305,
            14.773286702694158,
            0.0
        ]
    ],
    "instance_name": "Jialong_Yang_customize",
    "max_vehicle_number": 1,
    "station_1": {
        "coordinates": {
            "x": 21.75,
            "y": 34.0
        }
    },
    "station_2": {
        "coordinates": {
            "x": 19.4,
            "y": 38.8
        }
    },
    "station_3": {
        "coordinates": {
            "x": 18.5,
            "y": 34.0
        }
    },
    "station_4": {
        "coordinates": {
            "x": 12.5,
            "y": 47.5
        }
    },
    "vehicle_capacity": 500.0,
    "vehicle_charge_rate": 56.1,
    "vehicle_initial_payload": 500.0,
    "vehicle_speed": 61.2,
    "vehicle_vertical_energy_consume": 5.0
}